
<FIELDS>
	u v w p
</FIELDS>

<USER>
	u = 0.0
	v = 0.0
	w = 0.0
	p = 0
</USER>

<TOKENS>
	CYLINDRICAL = 1
	D_T       = 0.01
	TOL_REL   = 1.0e-12
	KINVIS    = 100
	N_TIME    = 2
	N_P       = 11
	N_Z       = 120
	BETA      = 1.0
	N_STEP    = 1000
	AVERAGE   = 0
	CHKPOINT  = 1
	ITERATIVE = 0
	IO_HIS	  = 20
	IO_CFL    = 10
	IO_FLD    = 200
</TOKENS>

<GROUPS NUMBER=3>
	1	w	wall
	2	h	hemisphere
        3       a       axis
</GROUPS>

<BCS NUMBER=3>
	1	h	4
			<D>	u = 0		</D>
			<D>	v = 0		</D>
			<D>     w = 0		</D>
			<H>	p = 0		</H>
	2	w	4
			<D>	u = 0	</D>
			<D>	v = (1-exp(-2000*(1-y*y)*(1-y*y)*(1-y*y)))*cos(z) </D>
			<D>     w =-(1-exp(-2000*(1-y*y)*(1-y*y)*(1-y*y)))*sin(z) </D>
			<H>	p = 0	</H>
  	3       a       4
        		<A>     u       </A>
        		<A>     v       </A>
        		<A>     w       </A>
        		<A>     p       </A>


</BCS>

<NODES NUMBER=139>

1 1.000000 0.000000 0.000000
2 0.985109 0.171929 0.000000
3 0.940881 0.338738 0.000000
4 0.868632 0.495459 0.000000
5 0.770513 0.637424 0.000000
6 0.649448 0.760406 0.000000
7 0.509041 0.860742 0.000000
8 0.353475 0.935444 0.000000
9 0.187381 0.982287 0.000000
10 0.078459 0.996917 0.000000
11 0.039260 0.999229 0.000000
12 0.015707 0.999877 0.000000
13 0.000000 1.000000 0.000000
14 0.990000 0.000000 0.000000
15 0.975258 0.170210 0.000000
16 0.931472 0.335351 0.000000
17 0.859945 0.490504 0.000000
18 0.762808 0.631050 0.000000
19 0.642954 0.752802 0.000000
20 0.503951 0.852135 0.000000
21 0.349940 0.926090 0.000000
22 0.185508 0.972464 0.000000
23 0.077675 0.986948 0.000000
24 0.038867 0.989237 0.000000
25 0.015550 0.989878 0.000000
26 0.000000 0.990000 0.000000
27 0.970000 0.000000 0.000000
28 0.955556 0.166771 0.000000
29 0.912654 0.328576 0.000000
30 0.842573 0.480595 0.000000
31 0.747398 0.618301 0.000000
32 0.629965 0.737594 0.000000
33 0.493770 0.834920 0.000000
34 0.342871 0.907381 0.000000
35 0.181760 0.952819 0.000000
36 0.076105 0.967010 0.000000
37 0.038082 0.969252 0.000000
38 0.015236 0.969880 0.000000
39 0.000000 0.970000 0.000000
40 0.940000 0.000000 0.000000
41 0.926003 0.161613 0.000000
42 0.884428 0.318414 0.000000
43 0.816514 0.465731 0.000000
44 0.724282 0.599179 0.000000
45 0.610481 0.714782 0.000000
46 0.478499 0.809098 0.000000
47 0.332266 0.879317 0.000000
48 0.176138 0.923350 0.000000
49 0.073752 0.937102 0.000000
50 0.036904 0.939275 0.000000
51 0.014765 0.939884 0.000000
52 0.000000 0.940000 0.000000
53 0.880000 0.000000 0.000000
54 0.866896 0.151298 0.000000
55 0.827975 0.298089 0.000000
56 0.764396 0.436004 0.000000
57 0.678052 0.560933 0.000000
58 0.571514 0.669157 0.000000
59 0.447956 0.757453 0.000000
60 0.311058 0.823191 0.000000
61 0.164896 0.864413 0.000000
62 0.069044 0.877287 0.000000
63 0.034549 0.879322 0.000000
64 0.013822 0.879891 0.000000
65 0.000000 0.880000 0.000000
66 0.760000 0.000000 0.000000
67 0.748683 0.130666 0.000000
68 0.715069 0.257441 0.000000
69 0.660160 0.376549 0.000000
70 0.585590 0.484442 0.000000
71 0.493581 0.577909 0.000000
72 0.386871 0.654164 0.000000
73 0.268641 0.710937 0.000000
74 0.142410 0.746538 0.000000
75 0.059629 0.757657 0.000000
76 0.029837 0.759414 0.000000
77 0.011938 0.759906 0.000000
78 0.000000 0.760000 0.000000
79 0.640000 0.000000 0.000000
80 0.630470 0.110035 0.000000
81 0.602164 0.216792 0.000000
82 0.555924 0.317094 0.000000
83 0.493128 0.407951 0.000000
84 0.415647 0.486660 0.000000
85 0.325787 0.550875 0.000000
86 0.226224 0.598684 0.000000
87 0.119924 0.628664 0.000000
88 0.050214 0.638027 0.000000
89 0.025126 0.639507 0.000000
90 0.010053 0.639921 0.000000
91 0.000000 0.640000 0.000000
92 0.520000 0.000000 0.000000
93 0.512257 0.089403 0.000000
94 0.489258 0.176144 0.000000
95 0.451688 0.257639 0.000000
96 0.400667 0.331460 0.000000
97 0.3557   0.4240   0.0000
98 0.264702 0.447586 0.000000
99 0.183807 0.486431 0.000000
100 0.097438 0.510789 0.000000
101 0.040799 0.518397 0.000000
102 0.020415 0.519599 0.000000
103 0.008168 0.519936 0.000000
104 0.000000 0.520000 0.000000
105 0.285222 0.351209 0.000000
106 0.302159 0.271662 0.000000
107 0.320747 0.184360 0.000000
108 0.340207 0.092962 0.000000
109 0.360000 0.000000 0.000000
110 0.197698 0.366181 0.000000
111 0.207593 0.280531 0.000000
112 0.218124 0.189364 0.000000
113 0.228995 0.095263 0.000000
114 0.240000 0.000000 0.000000
115 0.103111 0.382361 0.000000
116 0.107193 0.289947 0.000000
117 0.111406 0.194568 0.000000
118 0.115689 0.097607 0.000000
119 0.120000 0.000000 0.000000
120 0.045472 0.392221 0.000000
121 0.049059 0.295399 0.000000
122 0.052687 0.197431 0.000000
123 0.056339 0.098835 0.000000
124 0.060000 0.000000 0.000000
125 0.022693 0.396118 0.000000
126 0.024508 0.297701 0.000000
127 0.026334 0.198716 0.000000
128 0.028166 0.099417 0.000000
129 0.030000 0.000000 0.000000
130 0.008596 0.398530 0.000000
131 0.008946 0.299161 0.000000
132 0.009297 0.199547 0.000000
133 0.009648 0.099800 0.000000
134 0.010000 0.000000 0.000000
135 0.000000 0.400000 0.000000
136 0.000000 0.300000 0.000000
137 0.000000 0.200000 0.000000
138 0.000000 0.100000 0.000000
139 0.000000 0.000000 0.000000

 </NODES>
  
<ELEMENTS NUMBER=119>
         1      <Q>      14       1      2       15  </Q>
         2      <Q>      15       2      3       16  </Q>
         3      <Q>      16       3      4       17  </Q>
         4      <Q>      17       4      5       18  </Q>
         5      <Q>      18       5      6       19  </Q>
         6      <Q>      19       6      7       20  </Q>
         7      <Q>      20       7      8       21  </Q>
         8      <Q>      21       8      9       22  </Q>
         9      <Q>      22       9      10      23  </Q>
        10      <Q>      23       10     11      24  </Q>
        11      <Q>      24       11     12      25  </Q>
        12      <Q>      25       12     13      26  </Q>

        13      <Q>      27       14     15      28  </Q>
        14      <Q>      28       15     16      29  </Q>
        15      <Q>      29       16     17      30  </Q>
        16      <Q>      30       17     18      31  </Q>
        17      <Q>      31      18      19      32  </Q>
        18      <Q>      32      19      20      33  </Q>
        19      <Q>      33      20      21      34  </Q>
        20      <Q>      34      21      22      35  </Q>
        21      <Q>      35      22      23      36  </Q>
        22      <Q>      36      23      24      37  </Q>
        23      <Q>      37      24      25      38  </Q>
        24      <Q>      38      25      26      39  </Q>

        25      <Q>      40      27      28      41  </Q>
        26      <Q>      41      28      29      42  </Q>
        27      <Q>      42      29      30      43  </Q>
        28      <Q>      43      30      31      44  </Q>
        29      <Q>      44      31      32      45  </Q>
        30      <Q>      45      32      33      46  </Q>
        31      <Q>      46      33      34      47  </Q>
        32      <Q>      47      34      35      48  </Q>
        33      <Q>      48      35      36      49  </Q>
        34      <Q>      49      36      37      50  </Q>
        35      <Q>      50      37      38      51  </Q>
        36      <Q>      51      38      39      52  </Q>

        37      <Q>      53      40      41      54  </Q>
        38      <Q>      54      41      42      55  </Q>
        39      <Q>      55      42      43      56  </Q>
        40      <Q>      56      43      44      57  </Q>
        41      <Q>      57      44      45      58  </Q>
        42      <Q>      58      45      46      59  </Q>
        43      <Q>      59      46      47      60  </Q>
        44      <Q>      60      47      48      61  </Q>
        45      <Q>      61      48      49      62  </Q>
        46      <Q>      62      49      50      63  </Q>
        47      <Q>      63      50      51      64  </Q>
        48      <Q>      64      51      52      65  </Q>

        49      <Q>      66      53      54      67  </Q>
        50      <Q>      67      54      55      68  </Q>
        51      <Q>      68      55      56      69  </Q>
        52      <Q>      69      56      57      70  </Q>
        53      <Q>      70      57      58      71  </Q>
        54      <Q>      71      58      59      72  </Q>
        55      <Q>      72      59      60      73  </Q>
        56      <Q>      73      60      61      74  </Q>
        57      <Q>      74      61      62      75  </Q>
        58      <Q>      75      62      63      76  </Q>
        59      <Q>      76      63      64      77  </Q>
        60      <Q>      77      64      65      78  </Q>

        61      <Q>      79      66      67      80  </Q>
        62      <Q>      80      67      68      81  </Q>
        63      <Q>      81      68      69      82  </Q>
        64      <Q>      82      69      70      83  </Q>
        65      <Q>      83      70      71      84  </Q>
        66      <Q>      84      71      72      85  </Q>
        67      <Q>      85      72      73      86  </Q>
        68      <Q>      86      73      74      87  </Q>
        69      <Q>      87      74      75      88  </Q>
        70      <Q>      88      75      76      89  </Q>
        71      <Q>      89      76      77      90  </Q>
        72      <Q>      90      77      78      91  </Q>

        73      <Q>      92      79      80      93  </Q>
        74      <Q>      93      80      81      94  </Q>
        75      <Q>      94      81      82      95  </Q>
        76      <Q>      95      82      83      96  </Q>
        77      <Q>      96      83      84      97  </Q>
        78      <Q>      97      84      85      98  </Q>
        79      <Q>      98     85      86      99 </Q>
        80      <Q>      99     86      87      100 </Q>
        81      <Q>      100     87      88      101  </Q>
        82      <Q>      101     88      89      102  </Q>
        83      <Q>      102     89      90      103 </Q>
        84      <Q>      103     90      91      104 </Q>

        85      <Q>      105     96      97      98 </Q>
        86      <Q>      106     95      96      105 </Q>
        87      <Q>      107     94      95      106 </Q>
        88      <Q>      108     93      94      107 </Q>
        89      <Q>      109     92      93      108 </Q>

        90      <Q>      110     105     98      99 </Q>
        91      <Q>      111     106     105     110 </Q>
        92      <Q>      112     107     106     111 </Q>
        93      <Q>      113     108     107     112 </Q>
        94      <Q>      114     109     108     113  </Q>

        95      <Q>      115     110     99     100  </Q>
        96      <Q>      116     111     110    115 </Q>
        97      <Q>      117      112     111     116  </Q>
        98      <Q>      118      113     112     117  </Q>
        99      <Q>      119      114     113     118 </Q>

        100      <Q>     120      115     100     101 </Q>
        101      <Q>     121      116     115     120 </Q>
        102      <Q>     122      117     116     121 </Q>
        103      <Q>     123      118     117     122 </Q>
        104      <Q>     124      119     118     123 </Q>

        105      <Q>     125      120     101     102 </Q>
        106      <Q>     126      121     120     125 </Q>
        107      <Q>     127      122     121     126 </Q>
        108      <Q>     128      123     122     127 </Q>
        109      <Q>     129      124     123     128  </Q>

        110      <Q>     130      125     102     103 </Q>
        111      <Q>     131      126     125     130 </Q>
        112      <Q>     132      127     126     131 </Q>
        113      <Q>     133      128     127     132  </Q>
        114      <Q>     134      129     128     133  </Q>

        115      <Q>     135      130     103     104 </Q>
        116      <Q>     136      131     130     135 </Q>
        117      <Q>     137      132     131     136 </Q>
        118      <Q>     138      133     132     137 </Q>
        119      <Q>     139      134     133     138  </Q>
        

</ELEMENTS>
  
<SURFACES NUMBER=38>
     1     1     2   <B>   h   </B>
     2     2     2   <B>   h   </B>
     3     3     2   <B>   h   </B>
     4     4     2   <B>   h   </B>
     5     5     2   <B>   h   </B>
     6     6     2   <B>   h   </B>
     7     7     2   <B>   h   </B>
     8     8     2   <B>   h   </B>
     9     9     2   <B>   h   </B>
     10    10    2   <B>   h   </B>
     11    11    2   <B>   h   </B>
     12    12    2   <B>   h   </B>

     13    12    3   <B>   w   </B>
     14    24    3   <B>   w   </B>
     15    36    3   <B>   w   </B>

     16    48    3   <B>   w   </B>
     17    60    3   <B>   w   </B>
     18    72    3   <B>   w   </B>
     19    84    3   <B>   w   </B>
     20    115   4   <B>   w   </B>
     21    116   4   <B>   w   </B>
     22    117   4   <B>   w   </B>
     23    118   4   <B>   w   </B>
     24    119   4   <B>   w   </B>

     25    119   1   <B>   a   </B>
     26    114   1   <B>   a   </B>
     27    109   1   <B>   a   </B>
     28    104   1   <B>   a   </B>
     29    99    1   <B>   a   </B>
     30    94    1   <B>   a   </B>
     31    89    1   <B>   a   </B>
     32    73    1   <B>   a   </B>
     33    61    1   <B>   a   </B>
     34    49    1   <B>   a   </B>
     35    37    1   <B>   a   </B>
     36    25    1   <B>   a   </B>
     37    13    1   <B>   a   </B>
     38    1     1   <B>   a   </B>

</SURFACES>

<CURVES NUMBER=156>
	1	1	2	<ARC>	1.0	</ARC>
	2	2	2	<ARC>	1.0	</ARC>
	3	3	2	<ARC>	1.0	</ARC>
	4	4	2	<ARC>	1.0	</ARC>
	5	5	2	<ARC>	1.0	</ARC>
	6	6	2	<ARC>	1.0	</ARC>
	7	7	2	<ARC>	1.0	</ARC>
	8	8	2	<ARC>	1.0	</ARC>
	9	9	2	<ARC>	1.0	</ARC>
	10	10	2	<ARC>	1.0	</ARC>
	11	11	2	<ARC>	1.0	</ARC>
	12	12	2	<ARC>	1.0	</ARC>

	13	1	4	<ARC>	-0.99	</ARC>
	14	2	4	<ARC>	-0.99	</ARC>
	15	3	4	<ARC>	-0.99	</ARC>
	16	4	4	<ARC>	-0.99	</ARC>
	17	5	4	<ARC>	-0.99	</ARC>
	18	6	4	<ARC>	-0.99	</ARC>
	19	7	4	<ARC>	-0.99	</ARC>
	20	8	4	<ARC>	-0.99	</ARC>
	21	9	4	<ARC>	-0.99	</ARC>
	22	10	4	<ARC>	-0.99	</ARC>
	23	11	4	<ARC>	-0.99	</ARC>
	24	12	4	<ARC>	-0.99	</ARC>

	25	13	2	<ARC>	0.99	</ARC>
	26	14	2	<ARC>	0.99	</ARC>
	27	15	2	<ARC>	0.99	</ARC>
	28	16	2	<ARC>	0.99	</ARC>
	29	17	2	<ARC>	0.99	</ARC>
	30	18	2	<ARC>	0.99	</ARC>
	31	19	2	<ARC>	0.99	</ARC>
	32	20	2	<ARC>	0.99	</ARC>
	33	21	2	<ARC>	0.99	</ARC>
	34	22	2	<ARC>	0.99	</ARC>
	35	23	2	<ARC>	0.99	</ARC>
	36	24	2	<ARC>	0.99	</ARC>

	37	13	4	<ARC>	-0.97	</ARC>
	38	14	4	<ARC>	-0.97	</ARC>
	39	15	4	<ARC>	-0.97	</ARC>
	40	16	4	<ARC>	-0.97	</ARC>
	41	17	4	<ARC>	-0.97	</ARC>
	42	18	4	<ARC>	-0.97	</ARC>
	43	19	4	<ARC>	-0.97	</ARC>
	44	20	4	<ARC>	-0.97	</ARC>
	45	21	4	<ARC>	-0.97	</ARC>
	46	22	4	<ARC>	-0.97	</ARC>
	47	23	4	<ARC>	-0.97	</ARC>
	48	24	4	<ARC>	-0.97	</ARC>

	49	25	2	<ARC>	0.97	</ARC>
	50	26	2	<ARC>	0.97	</ARC>
	51	27	2	<ARC>	0.97	</ARC>
	52	28	2	<ARC>	0.97	</ARC>
	53	29	2	<ARC>	0.97	</ARC>
	54	30	2	<ARC>	0.97	</ARC>
	55	31	2	<ARC>	0.97	</ARC>
	56	32	2	<ARC>	0.97	</ARC>
	57	33	2	<ARC>	0.97	</ARC>
	58	34	2	<ARC>	0.97	</ARC>
	59	35	2	<ARC>	0.97	</ARC>
	60	36	2	<ARC>	0.97	</ARC>

	61	25	4	<ARC>	-0.94	</ARC>
	62	26	4	<ARC>	-0.94	</ARC>
	63	27	4	<ARC>	-0.94	</ARC>
	64	28	4	<ARC>	-0.94	</ARC>
	65	29	4	<ARC>	-0.94	</ARC>
	66	30	4	<ARC>	-0.94	</ARC>
	67	31	4	<ARC>	-0.94	</ARC>
	68	32	4	<ARC>	-0.94	</ARC>
	69	33	4	<ARC>	-0.94	</ARC>
	70	34	4	<ARC>	-0.94	</ARC>
	71	35	4	<ARC>	-0.94	</ARC>
	72	36	4	<ARC>	-0.94	</ARC>

	73	37	2	<ARC>	0.94	</ARC>
	74	38	2	<ARC>	0.94	</ARC>
	75	39	2	<ARC>	0.94	</ARC>
	76	40	2	<ARC>	0.94	</ARC>
	77	41	2	<ARC>	0.94	</ARC>
	78	42	2	<ARC>	0.94	</ARC>
	79	43	2	<ARC>	0.94	</ARC>
	80	44	2	<ARC>	0.94	</ARC>
	81	45	2	<ARC>	0.94	</ARC>
	82	46	2	<ARC>	0.94	</ARC>
	83	47	2	<ARC>	0.94	</ARC>
	84	48	2	<ARC>	0.94	</ARC>

	85	37	4	<ARC>	-0.88	</ARC>
	86	38	4	<ARC>	-0.88	</ARC>
	87	39	4	<ARC>	-0.88	</ARC>
	88	40	4	<ARC>	-0.88	</ARC>
	89	41	4	<ARC>	-0.88	</ARC>
	90	42	4	<ARC>	-0.88	</ARC>
	91	43	4	<ARC>	-0.88	</ARC>
	92	44	4	<ARC>	-0.88	</ARC>
	93	45	4	<ARC>	-0.88	</ARC>
	94	46	4	<ARC>	-0.88	</ARC>
	95	47	4	<ARC>	-0.88	</ARC>
	96	48	4	<ARC>	-0.88	</ARC>

	97	49	2	<ARC>	0.88	</ARC>
	98	50	2	<ARC>	0.88	</ARC>
	99	51	2	<ARC>	0.88	</ARC>
	100	52	2	<ARC>	0.88	</ARC>
	101	53	2	<ARC>	0.88	</ARC>
	102	54	2	<ARC>	0.88	</ARC>
	103	55	2	<ARC>	0.88	</ARC>
	104	56	2	<ARC>	0.88	</ARC>
	105	57	2	<ARC>	0.88	</ARC>
	106	58	2	<ARC>	0.88	</ARC>
	107	59	2	<ARC>	0.88	</ARC>
	108	60	2	<ARC>	0.88	</ARC>

	109	49	4	<ARC>   -0.76	</ARC>
	110	50	4	<ARC>	-0.76	</ARC>
	111	51	4	<ARC>	-0.76	</ARC>
	112	52	4	<ARC>	-0.76	</ARC>
	113	53	4	<ARC>	-0.76	</ARC>
	114	54	4	<ARC>	-0.76	</ARC>
	115	55	4	<ARC>	-0.76	</ARC>
	116	56	4	<ARC>	-0.76	</ARC>
	117	57	4	<ARC>	-0.76	</ARC>
	118	58	4	<ARC>	-0.76	</ARC>
	119	59	4	<ARC>	-0.76	</ARC>
	120	60	4	<ARC>	-0.76	</ARC>

	121	61	2	<ARC>	0.76	</ARC>
	122	62	2	<ARC>	0.76	</ARC>
	123	63	2	<ARC>	0.76	</ARC>
	124	64	2	<ARC>	0.76	</ARC>
	125	65	2	<ARC>	0.76	</ARC>
	126	66	2	<ARC>	0.76	</ARC>
	127	67	2	<ARC>	0.76	</ARC>
	128	68	2	<ARC>	0.76	</ARC>
	129	69	2	<ARC>	0.76	</ARC>
	130	70	2	<ARC>	0.76	</ARC>
	131	71	2	<ARC>	0.76	</ARC>
	132	72	2	<ARC>	0.76	</ARC>

	133	61	4	<ARC>	-0.64	</ARC>
	134	62	4	<ARC>	-0.64	</ARC>
	135	63	4	<ARC>	-0.64	</ARC>
	136	64	4	<ARC>	-0.64	</ARC>
	137	65	4	<ARC>	-0.64	</ARC>
	138	66	4	<ARC>	-0.64	</ARC>
	139	67	4	<ARC>	-0.64	</ARC>
	140	68	4	<ARC>	-0.64	</ARC>
	141	69	4	<ARC>	-0.64	</ARC>
	142	70	4	<ARC>	-0.64	</ARC>
	143	71	4	<ARC>	-0.64	</ARC>
	144	72	4	<ARC>	-0.64	</ARC>

	145	73	2	<ARC>	 0.64	</ARC>
	146	74	2	<ARC>	 0.64	</ARC>
	147	75	2	<ARC>	0.64	</ARC>
	148	76	2	<ARC>	0.64	</ARC>
	149	77	2	<ARC>	0.64	</ARC>
	150	78	2	<ARC>	0.64	</ARC>
	151	79	2	<ARC>	0.64	</ARC>
	152	80	2	<ARC>	0.64	</ARC>
	153	81	2	<ARC>	0.64	</ARC>
	154	82	2	<ARC>	0.64	</ARC>
	155	83	2	<ARC>	0.64	</ARC>
	156	84	2	<ARC>	0.64	</ARC>

</CURVES>
